labels 1 2 3
1.0 0.981319364527656 0.011431262135364205 0.007249373336979639 
1.0 0.9669751515616493 0.02454554490266391 0.008479303535686851 
1.0 0.9797105785031872 0.013306570787754145 0.006982850709058567 
1.0 0.9726251568862914 0.019271753778532276 0.00810308933517639 
1.0 0.9834902135543442 0.009537564128804082 0.006972222316851615 
1.0 0.9688705269529236 0.019330667256364426 0.01179880579071199 
1.0 0.9794641276193371 0.012924771758163627 0.007611100622499349 
1.0 0.9785882086471845 0.013791894406989426 0.0076198969458260496 
1.0 0.9670756076916844 0.02427036645985921 0.008654025848456225 
1.0 0.9746804902180491 0.017639013024346967 0.007680496757604049 
1.0 0.9791063224347353 0.012466773165343689 0.008426904399921123 
1.0 0.9784064270001399 0.013836168600577013 0.007757404399283145 
1.0 0.9741893111117547 0.01825657614462829 0.0075541127436171435 
1.0 0.9820648447914084 0.011305766134562719 0.006629389074028694 
1.0 0.9790243636593214 0.011445613244268972 0.009530023096409646 
1.0 0.9677541595240912 0.017968275704815545 0.014277564771093326 
1.0 0.977261253946001 0.0132509512272145 0.009487794826784546 
1.0 0.9776327008992881 0.014311702079566937 0.008055597021145123 
1.0 0.9657067232335229 0.02193960968809256 0.012353667078384502 
1.0 0.9803392104903845 0.011325492346871299 0.00833529716274408 
1.0 0.9668394251549584 0.023059397260202417 0.010101177584839286 
1.0 0.9750372143889845 0.015601193690054794 0.009361591920960645 
1.0 0.9885640861751896 0.005703596189168412 0.005732317635641936 
1.0 0.9394377649710142 0.04686272913415545 0.01369950589483034 
1.0 0.9709988037293905 0.0196200602336458 0.009381136036963581 
1.0 0.9569354547560613 0.03324475854913501 0.009819786694803623 
1.0 0.9643280245164704 0.025364161936610466 0.010307813546919226 
1.0 0.9784921593840189 0.013580493912470747 0.007927346703510361 
1.0 0.9781675185942704 0.0141332530414418 0.007699228364287901 
1.0 0.9731374979319974 0.018621143884174917 0.008241358183827797 
1.0 0.9673869709036801 0.023823671948683466 0.00878935714763656 
1.0 0.9584258606363472 0.030164772298758257 0.011409367064894371 
1.0 0.9843460418859817 0.0076751175089551085 0.007978840605063174 
1.0 0.9803954722213657 0.010110476971121014 0.009494050807513334 
1.0 0.9746804902180491 0.017639013024346967 0.007680496757604049 
1.0 0.978987255666969 0.014003294685945309 0.00700944964708597 
1.0 0.9777342336120437 0.01405146371267144 0.008214302675284968 
1.0 0.9746804902180491 0.017639013024346967 0.007680496757604049 
1.0 0.9746549784970958 0.017605485313353576 0.007739536189550608 
1.0 0.977456278592778 0.01469228305680478 0.007851438350417413 
1.0 0.9804495038126283 0.012127129171253291 0.007423367016118517 
1.0 0.8755795659923509 0.10963272646156737 0.014787707546081776 
1.0 0.9808603062739716 0.012095489562343666 0.007044204163684872 
1.0 0.9492618199602396 0.03717462029362025 0.013563559746140225 
1.0 0.9665806377110614 0.02146638473436747 0.011952977554571219 
1.0 0.9606219756603936 0.030084283916557878 0.00929374042304845 
1.0 0.9817818390681728 0.010233889275883236 0.0079842716559441 
1.0 0.9784311410347123 0.014249715183948956 0.007319143781338864 
1.0 0.9803971282609615 0.011543869362758486 0.008059002376280098 
1.0 0.9779990364221317 0.014548137999595555 0.0074528255782728755 
2.0 0.0163138235897297 0.9405528628958558 0.04313331351441442 
2.0 0.012764436414434107 0.9391889879303822 0.04804657565518385 
2.0 0.010844018931540654 0.8230383003341741 0.1661176807342854 
2.0 0.005569190423201888 0.9649555057617096 0.029475303815088685 
2.0 0.006518923967984431 0.8645261394106348 0.1289549366213807 
2.0 0.0072097453293585405 0.9689348336133988 0.023855421057242664 
2.0 0.013237630949765159 0.8411007450393962 0.14566162401083843 
2.0 0.040258487067727874 0.9498675828528225 0.00987393007944963 
2.0 0.008667041792586757 0.9697965981033179 0.02153636010409572 
2.0 0.010591976129963009 0.9652384090503016 0.02416961481973536 
2.0 0.01586476480442211 0.9743399483291666 0.009795286866410987 
2.0 0.009724538362262888 0.9553708669745424 0.03490459466319472 
2.0 0.006869812169105511 0.9887076161628957 0.00442257166799914 
2.0 0.006803284454922755 0.9307321625964898 0.06246455294858728 
2.0 0.021381885487839744 0.9722098468138424 0.006408267698317997 
2.0 0.013371269116360988 0.9655714884223817 0.021057242461257376 
2.0 0.009391719303555408 0.9099274484037799 0.08068083229266455 
2.0 0.015268170963920757 0.980916072861461 0.0038157561746182656 
2.0 0.0075721861750445325 0.6785862407670288 0.3138415730579267 
2.0 0.010195206346251756 0.9852599056172815 0.0045448880364668065 
3.0 0.01455407509358645 0.36506384726853597 0.6203820776378777 
2.0 0.00958288798885277 0.983634796786635 0.006782315224512215 
2.0 0.007430153615266727 0.592830436122299 0.39973941026243426 
2.0 0.007069020610377588 0.9773500276951141 0.015580951694508105 
2.0 0.00970796069815541 0.9800947041860456 0.010197335115799152 
2.0 0.010343081886024928 0.9656073053991823 0.02404961271479294 
2.0 0.006971217118103893 0.8931634166065928 0.09986536627530312 
3.0 0.010097776444126934 0.3486298618182372 0.6412723617376359 
2.0 0.007122369510607319 0.9058888991669257 0.08698873132246722 
2.0 0.026643585967693874 0.9671551773540136 0.00620123667829257 
2.0 0.010019290751187737 0.9848594789824139 0.005121230266398139 
2.0 0.014877623989768366 0.9807021388608366 0.004420237149394905 
2.0 0.01103640563508203 0.9843250481462644 0.004638546218653344 
3.0 0.009583593115967078 0.3335852105493206 0.6568311963347124 
2.0 0.010510330062920384 0.9009873675370351 0.08850230240004477 
2.0 0.018364770128504515 0.9034597877324252 0.07817544213907056 
2.0 0.010274528492981919 0.8915143569213309 0.09821111458568721 
2.0 0.004222318071426166 0.9456682889775402 0.050109392951033456 
2.0 0.016041156886282566 0.9756485334301275 0.008310309683589796 
2.0 0.006631417357859067 0.9757342832127068 0.01763429942943406 
2.0 0.006805997583147452 0.9771715544852325 0.016022447931619912 
2.0 0.008468151447134524 0.9520007287074796 0.03953111984538609 
2.0 0.00818735934254217 0.9858813640533561 0.0059312766041019396 
2.0 0.030304186378640526 0.9615081750238662 0.00818763859749328 
2.0 0.007532172048590535 0.97671983043952 0.015747997511889263 
2.0 0.017540764733048168 0.9764649206923629 0.005994314574588783 
2.0 0.011031133143100525 0.9788609276733137 0.010107939183585723 
2.0 0.009452737670016514 0.9802532577490245 0.010294004580959304 
2.0 0.04705770517803677 0.9422562202752699 0.010686074546693172 
2.0 0.009574876626275486 0.9806114223518901 0.00981370102183459 
3.0 0.007491794419060269 4.7849575524026286E-4 0.9920297098256992 
3.0 0.009376188926472236 0.03229005429240779 0.9583337567811202 
3.0 0.006303367711451539 0.0022010945548040063 0.9914955377337447 
3.0 0.007720721212405001 0.03190320464607148 0.9603760741415235 
3.0 0.005822155853043101 0.0010835194741744833 0.9930943246727825 
3.0 0.007464081251555549 0.0011276299122393112 0.9914082888362052 
3.0 0.021069268940246466 0.3192329152554401 0.6596978158043133 
3.0 0.006973322822703975 0.0075479009592186045 0.9854787762180774 
3.0 0.00622470603405479 0.01038111963372821 0.9833941743322171 
3.0 0.010784037200332164 0.0014299077440660974 0.9877860550556019 
3.0 0.010180055728172285 0.042962941664044345 0.9468570026077835 
3.0 0.007131378388551397 0.020322907332976876 0.9725457142784716 
3.0 0.006667816780383518 0.0047569874328366795 0.9885751957867797 
3.0 0.008818535764124403 0.012665922936689788 0.9785155412991858 
3.0 0.0075481940300305 9.668375141327185E-4 0.9914849684558367 
3.0 0.00803797236640491 0.002690654044635178 0.9892713735889598 
3.0 0.00862647961867964 0.0514052542305436 0.9399682661507768 
3.0 0.014817712169507261 0.004220648341526269 0.9809616394889665 
3.0 0.008608196344926653 6.130542374685622E-4 0.9907787494176046 
3.0 0.010056133910958148 0.3582243338541623 0.6317195322348793 
3.0 0.007046684673790669 0.0013411743782198538 0.9916121409479894 
3.0 0.011105382572487964 0.029045389369757268 0.9598492280577546 
3.0 0.007817794968718334 0.001387911414093121 0.9907942936171886 
3.0 0.009256916665723994 0.1292210552908826 0.8615220280433933 
3.0 0.007897421848906735 0.0057866142202844875 0.9863159639308087 
3.0 0.008416623819943387 0.024509111173539162 0.9670742650065177 
3.0 0.010174942423187396 0.1930576451515767 0.796767412425236 
3.0 0.011302752192190475 0.21890585372666985 0.7697913940811396 
3.0 0.00576377416359892 0.0022446415031681525 0.9919915843332331 
3.0 0.009509827923360921 0.12485355609515233 0.8656366159814868 
3.0 0.006893213254367437 0.0051026822847067745 0.9880041044609256 
3.0 0.017002229688587674 0.01460923982644667 0.9683885304849656 
3.0 0.005596456685282014 0.0010971883125064847 0.9933063550022115 
2.0 0.007876695057436472 0.6153277207506239 0.3767955841919395 
3.0 0.008739961178471837 0.38170721451850415 0.6095528243030239 
3.0 0.008201106829461367 0.0010840115759353207 0.9907148815946033 
3.0 0.008955015994125211 0.0014421715103447924 0.98960281249553 
3.0 0.00965749755323209 0.06309814402491029 0.9272443584218576 
3.0 0.012024014394075983 0.2682646431064932 0.7197113424994305 
3.0 0.007498437052877629 0.007795136107710205 0.9847064268394122 
3.0 0.006635846200733499 7.160528674072827E-4 0.9926481009318594 
3.0 0.008117649380217749 0.0038819296505128984 0.9880004209692693 
3.0 0.009376188926472236 0.03229005429240779 0.9583337567811202 
3.0 0.006626933540021491 8.983343868964921E-4 0.9924747320730821 
3.0 0.007822897220090308 7.10469911069953E-4 0.9914666328688397 
3.0 0.0071143304784143145 0.0022767786438248794 0.9906088908777608 
3.0 0.008125068483262379 0.030827596585520745 0.961047334931217 
3.0 0.008040251087860084 0.02122663311580691 0.9707331157963327 
3.0 0.009931106229458992 0.003735518169430865 0.9863333756011102 
3.0 0.01136621598208618 0.13721382906450144 0.851419954953412 
